9.953977404422403863e-01
9.984068510897885496e-01
9.999547110897684110e-01
9.999941050190969127e-01
9.999987016864281264e-01
9.999992736736842414e-01
9.999995885966402875e-01
9.999997864173417739e-01
9.999998864497172679e-01
9.999999469857733247e-01
9.999999676334231369e-01
9.999999807359140069e-01
9.999999930734777553e-01
9.999999974883259091e-01
9.999999986646324057e-01
9.999999993113224406e-01
9.999999996660009494e-01
9.999999997841542143e-01
9.999999998652304711e-01
9.999999999225323011e-01
9.999999999533021322e-01
9.999999999733814038e-01
9.999999999878276258e-01
9.999999999914286342e-01
9.999999999934274797e-01
9.999999999950919261e-01
9.999999999963827824e-01
9.999999999973294695e-01
9.999999999980994092e-01
9.999999999987354560e-01
9.999999999991906474e-01
9.999999999994764188e-01
9.999999999996321831e-01
9.999999999997326583e-01
9.999999999998080424e-01
9.999999999998596678e-01
9.999999999998983036e-01
9.999999999999261702e-01
9.999999999999472644e-01
9.999999999999588107e-01
9.999999999999676925e-01
9.999999999999749090e-01
9.999999999999817923e-01
9.999999999999871214e-01
9.999999999999911182e-01
9.999999999999933387e-01
9.999999999999946709e-01
9.999999999999961142e-01
9.999999999999973355e-01
9.999999999999978906e-01
9.999999999999984457e-01
9.999999999999987788e-01
9.999999999999990008e-01
9.999999999999991118e-01
9.999999999999992228e-01
9.999999999999993339e-01
9.999999999999995559e-01
9.999999999999996669e-01
9.999999999999997780e-01
9.999999999999997780e-01
9.999999999999997780e-01
9.999999999999997780e-01
9.999999999999997780e-01
9.999999999999997780e-01
9.999999999999997780e-01
9.999999999999997780e-01
9.999999999999997780e-01
9.999999999999997780e-01
9.999999999999997780e-01
9.999999999999997780e-01
9.999999999999997780e-01
9.999999999999997780e-01
9.999999999999997780e-01
9.999999999999997780e-01
9.999999999999997780e-01
9.999999999999997780e-01
9.999999999999997780e-01
9.999999999999997780e-01
9.999999999999997780e-01
9.999999999999997780e-01
9.999999999999997780e-01
9.999999999999997780e-01
